0001000000000001100000000000100000000010010000000000010000100000
0000010000100000100000000000000100001000010000000001000000000010
0000010000100000000000100100000000010000000000011000000000001000
0000100010000000000000010001000001000000000000100010000000000100
0000001000010000010000000000100000000001100000000010000000000100
0010000000000100010000000000001000001000100000000000000100010000
0010000000000100000000011000000000010000000000100000100001000000
0100000000001000000000100001000010000000000000010000010000100000
0000010000000001010000000001000010000000000000100000100000100000
0001000000000100100000000000100001000000000000010010000000000010
0000010000010000010000000000000100001000000000101000000000100000
0010000010000000000000100000100000000001010000000001000000000100
0000001000100000000000010100000000001000100000000000010000010000
0010000000001000000000101000000000010000010000000000000100000100
0000100000100000000000010001000000000010100000000000010001000000
0100000000000100100000000000001000010000000000010010000000001000
0001000001000000000000010000100000000010100000000010000000000100
0010000000000010010000000000000100001000100000000001000000000100
0010000000000100000000010100000000010000100000000000001000001000
0000100000000010100000000001000001000000000000010000010000100000
0000010000010000100000000000100000000001010000000000001000100000
0000010000100000100000000000001000001000000000010100000000010000
0000010001000000000000101000000000010000000000010000100000100000
0010000000001000000000010001000010000000000000100100000000000100
0010000000000100000000011000000000001000000000100100000000010000
0000100001000000000000011000000000010000000000100010000000000100
0000100000000010010000000001000000000001100000000010000000000100
0000010000100000100000000000000100010000010000000000001000001000
0000010000100000000000100001000010000000000000010100000000001000
0001000001000000000000100000100010000000000000010000010000100000
0001000000000010100000000000000100001000010000000000010000100000
0010000000000100010000000000100000000001100000000000001000010000